1 0.297123 0.448909 0.0162037 0.00694444
1 0.56994 0.910714 0.00892857 0.00793651
1 0.710317 0.988343 0.0231481 0.0094246
0 0.314649 0.291791 0.0248016 0.00768849
1 0.702381 0.538318 0.0548942 0.031498
1 0.212963 0.483507 0.0224868 0.0220734
1 0.421792 0.369916 0.046627 0.0106647
1 0.173942 0.840278 0.0112434 0.00892857
1 0.977513 0.703993 0.0396825 0.0260417
1 0.337798 0.491071 0.0109127 0.00644841
1 0.314815 0.291419 0.0218254 0.00843254
1 0.412864 0.854291 0.0294312 0.0101687
1 0.300099 0.403398 0.0122354 0.00520833
1 0.832011 0.422867 0.00925926 0.00892857
1 0.833664 0.585565 0.0224868 0.015873
1 0.227348 0.827133 0.0122354 0.00793651
1 0.726025 0.816468 0.0671296 0.0615079
1 0.664021 0.582217 0.031746 0.00768849
1 0.0834987 0.844122 0.0228175 0.015129
1 0.166997 0.147073 0.0138889 0.0128968
1 0.378638 0.650422 0.0238095 0.0240575
1 0.603671 0.360987 0.0274471 0.0176091
1 0.451885 0.802207 0.0128968 0.00818452
0 0.650959 0.4344 0.0353836 0.0265377
