0 0.477844 0.231027 0.0231481 0.0195933
0 0.348049 0.87872 0.272156 0.186508
0 0.821925 0.320561 0.261574 0.0880456
1 0.986607 0.68998 0.0267857 0.0248016
1 0.330357 0.238839 0.00925926 0.00744048
0 0.248016 0.959077 0.0800265 0.0818452
1 0.479663 0.230283 0.0214947 0.015129
1 0.706515 0.603671 0.0115741 0.00694444
1 0.0343915 0.395089 0.0198413 0.00595238
1 0.306548 0.386781 0.0112434 0.0106647
0 0.709821 0.323289 0.147156 0.0845734
1 0.482804 0.475322 0.0191799 0.0121528
0 0.949239 0.758309 0.101521 0.101438
1 0.329034 0.181424 0.0152116 0.0106647
0 0.786045 0.936632 0.228836 0.126736
