1 0.50248 0.729043 0.0082672 0.00520833 0.250875
1 0.0856481 0.0527034 0.0244709 0.0121528 0.251074
0 0.324735 0.509425 0.115741 0.0734127 0.25367
1 0.743717 0.75186 0.00859788 0.00570437 0.253763
1 0.341931 0.592262 0.0138889 0.00843254 0.263256
1 0.880952 0.750744 0.026455 0.0386905 0.273914
1 0.499835 0.576513 0.0459656 0.0424107 0.288202
1 0.0744048 0.769593 0.0112434 0.00545635 0.297834
0 0.399636 0.825769 0.073082 0.0553075 0.31646
1 0.88955 0.264261 0.00859788 0.0062004 0.333398
1 0.0846561 0.580853 0.026455 0.00992064 0.369115
1 0.528605 0.578373 0.0135582 0.00545635 0.372793
0 0.217593 0.893973 0.103175 0.212054 0.382962
1 0.640212 0.56808 0.010582 0.0106647 0.389584
1 0.0982143 0.294891 0.0119048 0.00892857 0.429775
1 0.192626 0.740079 0.014881 0.0188492 0.47111
1 0.536541 0.310888 0.00892857 0.00570437 0.503545
1 0.682705 0.542783 0.0267857 0.031498 0.580287
1 0.187831 0.765997 0.0152116 0.0171131 0.613731
1 0.330026 0.315972 0.0138889 0.0109127 0.65363
1 0.311508 0.144965 0.0132275 0.00818452 0.659119
1 0.91336 0.938492 0.0119048 0.00744048 0.667346
1 0.874504 0.447545 0.0267857 0.015129 0.667587
0 0.318452 0.046255 0.176587 0.0925099 0.679692
