1 0.359623 0.725074 0.0128968 0.00570437 0.27285
1 0.83664 0.811012 0.0297619 0.015873 0.287446
1 0.639881 0.578869 0.00727513 0.00644841 0.296113
1 0.875 0.557912 0.0449735 0.0404266 0.296304
1 0.690972 0.141121 0.0261243 0.00843254 0.365462
1 0.919808 0.717882 0.0426587 0.0275298 0.377923
0 0.843419 0.874628 0.0274471 0.0186012 0.445578
1 0.84623 0.1312 0.0112434 0.0094246 0.486781
1 0.224041 0.794271 0.0168651 0.0215774 0.564722
1 0.666997 0.943452 0.0171958 0.00843254 0.584426
1 0.780919 0.514385 0.0333995 0.0119048 0.68521
