1 0.335802 0.612037 0.054321 0.062963 0.255643
1 0.289506 0.42037 0.0308642 0.05 0.257093
0 0.769753 0.0398148 0.114815 0.0796296 0.262424
0 0.874074 0.0430556 0.120988 0.0490741 0.275071
0 0.25679 0.57037 0.0864198 0.135185 0.319082
1 0.937037 0.452778 0.0320988 0.0277778 0.346976
1 0.169136 0.186574 0.0740741 0.0435185 0.398575
0 0.832716 0.613426 0.0432099 0.075 0.486956
0 0.0234568 0.26713 0.0469136 0.0861111 0.524155
1 0.718518 0.59537 0.0222222 0.0111111 0.544881
0 0.546914 0.652778 0.0493827 0.0962963 0.545959
1 0.290123 0.425 0.0419753 0.0203704 0.550172
0 0.591975 0.15787 0.132099 0.0509259 0.632799
